%YAML:1.0
---
Calibrate-Accuracy: 4.7933127082194965e-01
camera-matrix: !!opencv-matrix
   rows: 3
   cols: 3
   dt: d
   data: [ 7.5087784416995305e+02, 0., 320., 0., 7.5087784416995305e+02,
       240., 0., 0., 1. ]
distortion-coefficients: !!opencv-matrix
   rows: 5
   cols: 1
   dt: d
   data: [ 6.7857360482455002e-03, -2.3607463734817240e+00, 0., 0.,
       1.8825209676834930e+01 ]
Rotation-Vector:
   - !!opencv-matrix
      rows: 3
      cols: 1
      dt: d
      data: [ -1.4160585885851357e-01, 4.2119612104686788e-02,
          -6.7134007099067111e-02 ]
   - !!opencv-matrix
      rows: 3
      cols: 1
      dt: d
      data: [ -2.7757789403655164e-01, 4.3634046843714364e-01,
          -1.4176174781434875e-01 ]
   - !!opencv-matrix
      rows: 3
      cols: 1
      dt: d
      data: [ -1.5841994232849427e-01, -3.9593600856398575e-01,
          -2.4558955596422946e-02 ]
   - !!opencv-matrix
      rows: 3
      cols: 1
      dt: d
      data: [ -4.8991022048789640e-01, -1.3143338858109874e-01,
          -9.3347042777093284e-02 ]
   - !!opencv-matrix
      rows: 3
      cols: 1
      dt: d
      data: [ 1.0792607948259320e-01, -4.9292979931596211e-02,
          -1.9175766334488541e-02 ]
   - !!opencv-matrix
      rows: 3
      cols: 1
      dt: d
      data: [ -5.8220368015004220e-01, 5.6038107666246795e-01,
          -2.0098597877341653e-01 ]
   - !!opencv-matrix
      rows: 3
      cols: 1
      dt: d
      data: [ -6.2750991223221952e-01, -3.4199828628559059e-01,
          -1.5491816017516588e-01 ]
   - !!opencv-matrix
      rows: 3
      cols: 1
      dt: d
      data: [ -1.9550939688223434e-01, -6.5548615705614266e-01,
          2.4130916566844987e-01 ]
   - !!opencv-matrix
      rows: 3
      cols: 1
      dt: d
      data: [ -1.0969505719131473e-01, 4.2857078987032965e-01,
          3.8350632887770691e-01 ]
Translation-vector:
   - !!opencv-matrix
      rows: 3
      cols: 1
      dt: d
      data: [ -1.2967524423120061e-01, -3.2910483649057964e-02,
          4.9359711073857782e-01 ]
   - !!opencv-matrix
      rows: 3
      cols: 1
      dt: d
      data: [ -1.2647628728486948e-01, -2.2012210003330427e-02,
          5.3949778958154115e-01 ]
   - !!opencv-matrix
      rows: 3
      cols: 1
      dt: d
      data: [ -1.1465237983875555e-01, -5.2877924889938629e-02,
          4.3450846308318464e-01 ]
   - !!opencv-matrix
      rows: 3
      cols: 1
      dt: d
      data: [ -1.1902151252385650e-01, -6.9375641240973895e-02,
          4.7952620575909577e-01 ]
   - !!opencv-matrix
      rows: 3
      cols: 1
      dt: d
      data: [ -1.1729153900432773e-01, -5.1731265934323076e-02,
          4.9873003054836185e-01 ]
   - !!opencv-matrix
      rows: 3
      cols: 1
      dt: d
      data: [ -9.6934633530858072e-02, -2.9825048489834277e-02,
          5.3124575119387540e-01 ]
   - !!opencv-matrix
      rows: 3
      cols: 1
      dt: d
      data: [ -7.0901711776882176e-02, -8.6244431561950788e-02,
          4.3930101563607443e-01 ]
   - !!opencv-matrix
      rows: 3
      cols: 1
      dt: d
      data: [ -2.8591321223156083e-02, -7.5000806778670798e-02,
          3.9713423312399143e-01 ]
   - !!opencv-matrix
      rows: 3
      cols: 1
      dt: d
      data: [ -7.4383434650612590e-02, -7.0289765813384308e-02,
          5.1570584624618632e-01 ]
# Rotation vector + Translation vector
extrinsic_parameters: !!opencv-matrix
   rows: 9
   cols: 6
   dt: d
   data: [ -1.4160585885851357e-01, 4.2119612104686788e-02,
       -6.7134007099067111e-02, -1.2967524423120061e-01,
       -3.2910483649057964e-02, 4.9359711073857782e-01,
       -2.7757789403655164e-01, 4.3634046843714364e-01,
       -1.4176174781434875e-01, -1.2647628728486948e-01,
       -2.2012210003330427e-02, 5.3949778958154115e-01,
       -1.5841994232849427e-01, -3.9593600856398575e-01,
       -2.4558955596422946e-02, -1.1465237983875555e-01,
       -5.2877924889938629e-02, 4.3450846308318464e-01,
       -4.8991022048789640e-01, -1.3143338858109874e-01,
       -9.3347042777093284e-02, -1.1902151252385650e-01,
       -6.9375641240973895e-02, 4.7952620575909577e-01,
       1.0792607948259320e-01, -4.9292979931596211e-02,
       -1.9175766334488541e-02, -1.1729153900432773e-01,
       -5.1731265934323076e-02, 4.9873003054836185e-01,
       -5.8220368015004220e-01, 5.6038107666246795e-01,
       -2.0098597877341653e-01, -9.6934633530858072e-02,
       -2.9825048489834277e-02, 5.3124575119387540e-01,
       -6.2750991223221952e-01, -3.4199828628559059e-01,
       -1.5491816017516588e-01, -7.0901711776882176e-02,
       -8.6244431561950788e-02, 4.3930101563607443e-01,
       -1.9550939688223434e-01, -6.5548615705614266e-01,
       2.4130916566844987e-01, -2.8591321223156083e-02,
       -7.5000806778670798e-02, 3.9713423312399143e-01,
       -1.0969505719131473e-01, 4.2857078987032965e-01,
       3.8350632887770691e-01, -7.4383434650612590e-02,
       -7.0289765813384308e-02, 5.1570584624618632e-01 ]
